%% 物性参数
sig=7.28e-2;
miu=1.002e-3;
rho=998.2;
