%% 物性参数
sig=7.28e-2;
miu=0.89e-3;
rho=1000;
